// número de Pontos
n = 30


//Coordenadas dos Pontos 
7, 86
100, 53
19, 78
98, 3
86, 85
1, 84
28, 1
41, 53
61, 62
82, 87
87, 52
88, 16
3, 25
18, 81
26, 95
87, 76
55, 37
36, 14
41, 68
60, 39
69, 35
36, 98
71, 10
81, 62
31, 21
5, 31
75, 18
37, 13
9, 8
2, 6


D = [
   [0,  99,  14, 123,  79,   6,  88,  47,  59,  75,  87, 107,  61,  12,  21,  81,  69,  78,  38,  71,  80,  31,  99,  78,  69,  55,  96,  79,  78,  80  ],
[99,   0,  85,  50,  35, 104,  89,  59,  40,  38,  13,  39, 101,  87,  85,  26,  48,  75,  61,  42,  36,  78,  52,  21,  76,  98,  43,  75, 102, 109  ],
[14,  85,   0, 109,  67,  19,  78,  33,  45,  64,  73,  93,  55,   3,  18,  68,  55,  66,  24,  57,  66,  26,  86,  64,  58,  49,  82,  67,  71,  74  ],
[123,  50, 109,   0,  83, 126,  70,  76,  70,  86,  50,  16,  98, 112, 117,  74,  55,  63,  86,  52,  43, 113,  28,  61,  69,  97,  27,  62,  89,  96  ],
[79,  35,  67,  83,   0,  85, 102,  55,  34,   4,  33,  69, 102,  68,  61,   9,  57,  87,  48,  53,  53,  52,  76,  24,  84,  97,  68,  87, 109, 115  ],
[6, 104,  19, 126,  85,   0,  87,  51,  64,  81,  92, 110,  59,  17,  27,  86,  72,  78,  43,  74,  84,  38, 102,  83,  70,  53,  99,  80,  76,  78  ],
[88,  89,  78,  70, 102,  87,   0,  54,  69, 102,  78,  62,  35,  81,  94,  95,  45,  15,  68,  50,  53,  97,  44,  81,  20,  38,  50,  15,  20,  26  ],
[47,  59,  33,  76,  55,  51,  54,   0,  22,  53,  46,  60,  47,  36,  45,  51,  21,  39,  15,  24,  33,  45,  52,  41,  34,  42,  49,  40,  55,  61  ],
[59,  40,  45,  70,  34,  64,  69,  22,   0,  33,  28,  53,  69,  47,  48,  30,  26,  54,  21,  23,  28,  44,  53,  20,  51,  64,  46,  55,  75,  81  ],
[75,  38,  64,  86,   4,  81, 102,  53,  33,   0,  35,  71, 100,  64,  57,  12,  57,  86,  45,  53,  54,  47,  78,  25,  83,  95,  69,  87, 108, 114  ],
[87,  13,  73,  50,  33,  92,  78,  46,  28,  35,   0,  36,  88,  75,  75,  24,  35,  64,  49,  30,  25,  69,  45,  12,  64,  85,  36,  63,  90,  97  ],
[107,  39,  93,  16,  69, 110,  62,  60,  53,  71,  36,   0,  85,  96, 100,  60,  39,  52,  70,  36,  27,  97,  18,  47,  57,  84,  13,  51,  79,  87  ],
[61, 101,  55,  98, 102,  59,  35,  47,  69, 100,  88,  85,   0,  58,  74,  98,  53,  35,  57,  59,  67,  80,  70,  86,  28,   6,  72,  36,  18,  19  ],
[12,  87,   3, 112,  68,  17,  81,  36,  47,  64,  75,  96,  58,   0,  16,  69,  57,  69,  26,  59,  69,  25,  89,  66,  61,  52,  85,  71,  74,  77  ],
[21,  85,  18, 117,  61,  27,  94,  45,  48,  57,  75, 100,  74,  16,   0,  64,  65,  82,  31,  66,  74,  10,  96,  64,  74,  67,  91,  83,  89,  92  ],
[81,  26,  68,  74,   9,  86,  95,  51,  30,  12,  24,  60,  98,  69,  64,   0,  50,  80,  47,  46,  45,  56,  68,  15,  78,  94,  59,  80, 103, 110  ],
[69,  48,  55,  55,  57,  72,  45,  21,  26,  57,  35,  39,  53,  57,  65,  50,   0,  30,  34,   5,  14,  64,  31,  36,  29,  50,  28,  30,  54,  61  ],
[78,  75,  66,  63,  87,  78,  15,  39,  54,  86,  64,  52,  35,  69,  82,  80,  30,   0,  54,  35,  39,  84,  35,  66,   9,  35,  39,   1,  28,  35  ],
[38,  61,  24,  86,  48,  43,  68,  15,  21,  45,  49,  70,  57,  26,  31,  47,  34,  54,   0,  35,  43,  30,  65,  40,  48,  52,  60,  55,  68,  73  ],
[71,  42,  57,  52,  53,  74,  50,  24,  23,  53,  30,  36,  59,  59,  66,  46,   5,  35,  35,   0,  10,  64,  31,  31,  34,  56,  26,  35,  60,  67  ],
[80,  36,  66,  43,  53,  84,  53,  33,  28,  54,  25,  27,  67,  69,  74,  45,  14,  39,  43,  10,   0,  71,  25,  30,  40,  64,  18,  39,  66,  73  ],
[31,  78,  26, 113,  52,  38,  97,  45,  44,  47,  69,  97,  80,  25,  10,  56,  64,  84,  30,  64,  71,   0,  95,  58,  77,  74,  89,  85,  94,  98  ],
[99,  52,  86,  28,  76, 102,  44,  52,  53,  78,  45,  18,  70,  89,  96,  68,  31,  35,  65,  31,  25,  95,   0,  53,  41,  69,   9,  34,  62,  69  ],
[78,  21,  64,  61,  24,  83,  81,  41,  20,  25,  12,  47,  86,  66,  64,  15,  36,  66,  40,  31,  30,  58,  53,   0,  65,  82,  44,  66,  90,  97  ],
[69,  76,  58,  69,  84,  70,  20,  34,  51,  83,  64,  57,  28,  61,  74,  78,  29,   9,  48,  34,  40,  77,  41,  65,   0,  28,  44,  10,  26,  33  ],
[55,  98,  49,  97,  97,  53,  38,  42,  64,  95,  85,  84,   6,  52,  67,  94,  50,  35,  52,  56,  64,  74,  69,  82,  28,   0,  71,  37,  23,  25  ],
[96,  43,  82,  27,  68,  99,  50,  49,  46,  69,  36,  13,  72,  85,  91,  59,  28,  39,  60,  26,  18,  89,   9,  44,  44,  71,   0,  38,  67,  74  ],
[79,  75,  67,  62,  87,  80,  15,  40,  55,  87,  63,  51,  36,  71,  83,  80,  30,   1,  55,  35,  39,  85,  34,  66,  10,  37,  38,   0,  28,  36  ],
[78, 102,  71,  89, 109,  76,  20,  55,  75, 108,  90,  79,  18,  74,  89, 103,  54,  28,  68,  60,  66,  94,  62,  90,  26,  23,  67,  28,   0,   7  ],
[80, 109,  74,  96, 115,  78,  26,  61,  81, 114,  97,  87,  19,  77,  92, 110,  61,  35,  73,  67,  73,  98,  69,  97,  33,  25,  74,  36,   7,   0   ]
];